1 23
2 3
3 2
4 8
5 5
6 43
7 0
8 0
9 49
10 60
11 83
12 27
13 26
14 93
15 11
16 18
17 0
18 9
19 0
20 54
21 15
22 0
23 0
24 0
25 0
26 38
27 0
28 12
29 41
30 44
31 67
32 0
33 0
34 80
35 85
36 0
37 0
38 89
39 29
40 22
41 10
42 0
43 31
44 56
45 95
46 28
47 0
48 6
49 0
50 0
51 0
52 58
53 81
54 0
55 63
56 30
57 34
58 55
59 0
60 76
61 0
62 0
63 24
64 0
65 0
66 20
67 66
68 32
69 0
70 70
71 40
72 0
73 88
74 0
75 33
76 0
77 51
78 0
79 0
80 0
81 59
82 57
83 62
84 35
85 0
86 0
87 86
88 48
89 73
90 0
91 0
92 0
93 0
94 0
95 77
96 97
97 79
98 0
99 36
100 0
101 102
102 100
103 74
0 1
0 17
0 7
0 13
0 14
0 16
0 4
0 19
0 21
0 25
0 37
0 39
0 42
0 45
0 46
0 47
0 50
0 52
0 53
0 61
0 64
0 65
0 68
0 69
0 71
0 72
0 75
0 78
0 82
0 84
0 87
0 90
0 91
0 92
0 94
0 96
0 98
0 99
0 101
