1 0
2 39
3 1
4 5
5 6
6 27
7 21
8 23
9 0
10 52
11 0
12 45
13 0
14 0
15 11
16 16
17 0
18 3
19 9
20 8
21 13
22 81
23 29
24 0
25 0
26 4
27 0
28 7
29 10
30 18
31 17
32 0
33 32
34 0
35 0
36 0
37 28
38 14
39 43
40 46
41 0
42 94
43 38
44 22
45 0
46 0
47 53
48 0
49 54
50 0
51 26
52 35
53 12
54 2
55 0
56 56
57 37
58 25
59 0
60 0
61 30
62 0
63 49
64 0
65 0
66 0
67 93
68 0
69 0
70 41
71 59
72 0
73 0
74 82
75 19
76 0
77 73
78 57
79 0
80 60
81 70
82 69
83 78
84 61
85 92
86 0
87 72
88 0
89 36
90 0
91 0
92 0
93 0
94 86
95 0
96 0
97 0
98 0
99 0
100 76
101 0
102 0
103 0
0 15
0 20
0 24
0 31
0 33
0 34
0 40
0 42
0 44
0 47
0 48
0 50
0 51
0 55
0 58
0 62
0 63
0 64
0 65
0 66
0 67
0 68
0 71
0 74
0 75
0 77
0 79
0 80
0 83
0 84
0 85
0 87
0 88
0 89
0 90
0 91
0 95
