1 0
2 5
3 19
4 0
5 40
6 48
7 0
8 18
9 31
10 15
11 6
12 1
13 25
14 35
15 11
16 0
17 2
18 12
19 16
20 0
21 32
22 17
23 30
24 49
25 3
26 45
27 26
28 50
29 13
30 0
31 24
32 52
33 56
34 0
35 27
36 70
37 0
38 8
39 37
40 23
41 22
42 0
43 14
44 0
45 0
46 0
47 10
48 36
49 29
50 47
51 0
52 76
53 53
54 43
55 21
56 46
57 69
58 44
59 38
60 59
61 33
62 0
63 41
64 0
65 65
66 0
67 20
68 0
69 0
70 60
71 0
72 28
73 42
74 0
75 57
76 64
77 0
78 0
79 0
80 0
81 0
82 54
83 55
84 0
85 78
86 0
87 0
88 0
89 0
90 0
91 0
92 0
93 0
94 0
95 0
96 4
97 0
98 58
99 0
100 0
101 0
102 0
0 7
0 9
0 34
0 39
0 51
0 61
0 62
0 63
0 66
0 67
0 68
0 71
0 72
0 73
0 74
0 75
0 77
0 79
0 80
0 81
0 82
0 83
0 84
0 85
0 86
