1 5
2 81
3 31
4 8
5 18
6 40
7 1
8 43
9 41
10 22
11 0
12 0
13 11
14 0
15 33
16 0
17 20
18 0
19 56
20 37
21 0
22 46
23 0
24 0
25 21
26 0
27 14
28 0
29 70
30 7
31 0
32 51
33 0
34 32
35 0
36 42
37 0
38 24
39 19
40 2
41 50
42 0
43 10
44 0
45 26
46 17
47 0
48 6
49 0
50 0
51 0
52 59
53 0
54 0
55 57
56 0
57 0
58 0
59 23
60 0
61 27
62 0
63 0
64 58
65 0
66 0
67 73
68 0
69 69
70 38
71 0
72 0
73 0
74 53
75 0
76 0
77 0
78 0
79 0
80 0
81 0
82 61
83 0
84 0
85 74
86 0
87 82
88 0
89 0
90 0
91 0
92 0
93 0
94 0
95 0
0 3
0 4
0 9
0 12
0 13
0 15
0 16
0 25
0 28
0 29
0 30
0 34
0 35
0 36
0 39
0 44
0 45
0 47
0 48
0 49
0 52
0 54
0 55
0 60
0 62
0 63
0 64
0 65
0 66
0 67
0 68
0 71
0 72
0 75
0 76
0 77
0 78
0 79
0 80
0 83
0 84
0 85
0 86
